Mg_convergence                                                                  
 Bravais Matrix:
        0.86603        0.00000        0.00000
       -0.50000        1.00000        0.00000
        0.00000        0.00000        1.00000
  ATOMIC POSITIONS:
    1     1.74156292     3.01647553     7.34087775
    2     3.48312590    -0.00000003     2.44695925
 PGLSYM: THE CRYSTAL SYSTEM IS HEXAGONAL   
 PGLSYM: ORDER OF LATTICE POINT GROUP (NO BASE) =            24
 PGBSYM: ORDER OF LATTICE SPACE GROUP (WITH BASE) =          24
 PGBSYM: NON-SYMMORPHIC SPACE GROUP OR NON-STANDARD ORIGIN OF COORDINATES
 PGBSYM: SPACE GROUP CONTAINS INVERSION
 Symmetry operation           1
       -1.00000        0.00000        0.00000
        0.00000        1.00000        0.00000
        0.00000        0.00000       -1.00000
        0.00000       -0.00000        0.00000
   -1.0000    0.0000    0.0000    0.0000
   -1.0000    1.0000    0.0000   -0.0000
    0.0000    0.0000   -1.0000    0.0000
           this is operation           9   in struct file
 Symmetry operation           2
       -0.50000       -0.86603        0.00000
        0.86603       -0.50000        0.00000
        0.00000        0.00000        1.00000
       -0.00000        0.00000        0.00000
   -1.0000    1.0000    0.0000   -0.0000
   -1.0000    0.0000    0.0000    0.0000
    0.0000    0.0000    1.0000    0.0000
           this is operation           3   in struct file
 Symmetry operation           3
       -1.00000        0.00000        0.00000
        0.00000       -1.00000        0.00000
        0.00000        0.00000       -1.00000
        0.00000        0.00000        0.00000
   -1.0000    0.0000    0.0000    0.0000
    0.0000   -1.0000    0.0000    0.0000
    0.0000    0.0000   -1.0000    0.0000
           this is operation          13   in struct file
 Symmetry operation           4
       -0.50000        0.86603        0.00000
        0.86603        0.50000        0.00000
        0.00000        0.00000        1.00000
       -0.00000        0.00000        0.00000
   -1.0000    1.0000    0.0000   -0.0000
    0.0000    1.0000    0.0000    0.0000
    0.0000    0.0000    1.0000    0.0000
           this is operation          20   in struct file
 Symmetry operation           5
       -0.50000       -0.86603        0.00000
       -0.86603        0.50000        0.00000
        0.00000        0.00000        1.00000
        0.00000        0.00000        0.00000
    0.0000   -1.0000    0.0000    0.0000
   -1.0000    0.0000    0.0000    0.0000
    0.0000    0.0000    1.0000    0.0000
           this is operation          19   in struct file
 Symmetry operation           6
        0.50000       -0.86603        0.00000
        0.86603        0.50000        0.00000
        0.00000        0.00000       -1.00000
        0.00000       -0.00000        0.00000
    0.0000    1.0000    0.0000    0.0000
   -1.0000    1.0000    0.0000   -0.0000
    0.0000    0.0000   -1.0000    0.0000
           this is operation          14   in struct file
 Symmetry operation           7
       -0.50000        0.86603        0.00000
       -0.86603       -0.50000        0.00000
        0.00000        0.00000        1.00000
        0.00000        0.00000        0.00000
    0.0000   -1.0000    0.0000    0.0000
    1.0000   -1.0000    0.0000    0.0000
    0.0000    0.0000    1.0000    0.0000
           this is operation           2   in struct file
 Symmetry operation           8
        0.50000        0.86603        0.00000
        0.86603       -0.50000        0.00000
        0.00000        0.00000       -1.00000
        0.00000        0.00000        0.00000
    0.0000    1.0000    0.0000    0.0000
    1.0000    0.0000    0.0000    0.0000
    0.0000    0.0000   -1.0000    0.0000
           this is operation           7   in struct file
 Symmetry operation           9
        0.50000       -0.86603        0.00000
       -0.86603       -0.50000        0.00000
        0.00000        0.00000       -1.00000
        0.00000       -0.00000        0.00000
    1.0000   -1.0000    0.0000    0.0000
   -0.0000   -1.0000    0.0000   -0.0000
    0.0000    0.0000   -1.0000    0.0000
           this is operation           8   in struct file
 Symmetry operation          10
        1.00000        0.00000        0.00000
        0.00000        1.00000        0.00000
        0.00000        0.00000        1.00000
        0.00000        0.00000        0.00000
    1.0000    0.0000    0.0000    0.0000
    0.0000    1.0000    0.0000    0.0000
    0.0000    0.0000    1.0000    0.0000
           this is operation           1   in struct file
 Symmetry operation          11
        0.50000        0.86603        0.00000
       -0.86603        0.50000        0.00000
        0.00000        0.00000       -1.00000
        0.00000       -0.00000        0.00000
    1.0000   -1.0000    0.0000    0.0000
    1.0000    0.0000    0.0000   -0.0000
    0.0000    0.0000   -1.0000    0.0000
           this is operation          15   in struct file
 Symmetry operation          12
        1.00000        0.00000        0.00000
        0.00000       -1.00000        0.00000
        0.00000        0.00000        1.00000
        0.00000        0.00000        0.00000
    1.0000    0.0000    0.0000    0.0000
    1.0000   -1.0000    0.0000    0.0000
    0.0000    0.0000    1.0000    0.0000
           this is operation          21   in struct file
 Symmetry operation          13
        0.50000       -0.86603        0.00000
        0.86603        0.50000        0.00000
        0.00000        0.00000        1.00000
        0.00000       -0.00000        4.89392
    0.0000    1.0000    0.0000    0.0000
   -1.0000    1.0000    0.0000   -0.0000
    0.0000    0.0000    1.0000    0.5000
           this is operation           5   in struct file
 Symmetry operation          14
       -0.50000        0.86603        0.00000
       -0.86603       -0.50000        0.00000
        0.00000        0.00000       -1.00000
        0.00000        0.00000       -4.89392
    0.0000   -1.0000    0.0000    0.0000
    1.0000   -1.0000    0.0000    0.0000
    0.0000    0.0000   -1.0000    0.5000
           this is operation          17   in struct file
 Symmetry operation          15
       -0.50000        0.86603        0.00000
        0.86603        0.50000        0.00000
        0.00000        0.00000       -1.00000
       -0.00000        0.00000       -4.89392
   -1.0000    1.0000    0.0000   -0.0000
    0.0000    1.0000    0.0000    0.0000
    0.0000    0.0000   -1.0000    0.5000
           this is operation          11   in struct file
 Symmetry operation          16
       -1.00000        0.00000        0.00000
        0.00000        1.00000        0.00000
        0.00000        0.00000        1.00000
        0.00000       -0.00000        4.89392
   -1.0000    0.0000    0.0000    0.0000
   -1.0000    1.0000    0.0000   -0.0000
    0.0000    0.0000    1.0000    0.5000
           this is operation          24   in struct file
 Symmetry operation          17
        0.50000        0.86603        0.00000
        0.86603       -0.50000        0.00000
        0.00000        0.00000        1.00000
        0.00000        0.00000        4.89392
    0.0000    1.0000    0.0000    0.0000
    1.0000    0.0000    0.0000    0.0000
    0.0000    0.0000    1.0000    0.5000
           this is operation          22   in struct file
 Symmetry operation          18
       -0.50000       -0.86603        0.00000
       -0.86603        0.50000        0.00000
        0.00000        0.00000       -1.00000
        0.00000        0.00000       -4.89392
    0.0000   -1.0000    0.0000    0.0000
   -1.0000    0.0000    0.0000    0.0000
    0.0000    0.0000   -1.0000    0.5000
           this is operation          10   in struct file
 Symmetry operation          19
        0.50000       -0.86603        0.00000
       -0.86603       -0.50000        0.00000
        0.00000        0.00000        1.00000
        0.00000       -0.00000        4.89392
    1.0000   -1.0000    0.0000    0.0000
   -0.0000   -1.0000    0.0000   -0.0000
    0.0000    0.0000    1.0000    0.5000
           this is operation          23   in struct file
 Symmetry operation          20
        1.00000        0.00000        0.00000
        0.00000        1.00000        0.00000
        0.00000        0.00000       -1.00000
        0.00000        0.00000       -4.89392
    1.0000    0.0000    0.0000    0.0000
    0.0000    1.0000    0.0000    0.0000
    0.0000    0.0000   -1.0000    0.5000
           this is operation          16   in struct file
 Symmetry operation          21
       -0.50000       -0.86603        0.00000
        0.86603       -0.50000        0.00000
        0.00000        0.00000       -1.00000
       -0.00000        0.00000       -4.89392
   -1.0000    1.0000    0.0000   -0.0000
   -1.0000    0.0000    0.0000    0.0000
    0.0000    0.0000   -1.0000    0.5000
           this is operation          18   in struct file
 Symmetry operation          22
       -1.00000        0.00000        0.00000
        0.00000       -1.00000        0.00000
        0.00000        0.00000        1.00000
        0.00000        0.00000        4.89392
   -1.0000    0.0000    0.0000    0.0000
    0.0000   -1.0000    0.0000    0.0000
    0.0000    0.0000    1.0000    0.5000
           this is operation           4   in struct file
 Symmetry operation          23
        0.50000        0.86603        0.00000
       -0.86603        0.50000        0.00000
        0.00000        0.00000        1.00000
        0.00000       -0.00000        4.89392
    1.0000   -1.0000    0.0000    0.0000
    1.0000    0.0000    0.0000   -0.0000
    0.0000    0.0000    1.0000    0.5000
           this is operation           6   in struct file
 Symmetry operation          24
        1.00000        0.00000        0.00000
        0.00000       -1.00000        0.00000
        0.00000        0.00000       -1.00000
        0.00000        0.00000       -4.89392
    1.0000    0.0000    0.0000    0.0000
    1.0000   -1.0000    0.0000    0.0000
    0.0000    0.0000   -1.0000    0.5000
           this is operation          12   in struct file



DETERMINATION OF POINTGROUP FOR ALL POSITIONS
Mg_convergence                                                                 
    1      2.0109836      4.0219674      7.3408777      0.3333333      0.6666667      0.7500000
    2      8.0439346      4.0219674      7.3408777      1.3333333      0.6666667      0.7500000
    3      2.0109836     10.0549184      7.3408777      0.3333333      1.6666667      0.7500000
    4      2.0109836      4.0219674     17.1287148      0.3333333      0.6666667      1.7500000
    5      4.0219674      2.0109836      2.4469592      0.6666667      0.3333333      0.2500000
    6     10.0549184      2.0109836      2.4469592      1.6666667      0.3333333      0.2500000
    7      4.0219674      8.0439346      2.4469592      0.6666667      1.3333333      0.2500000
    8      4.0219674      2.0109836     12.2347962      0.6666667      0.3333333      1.2500000
Mg1       :   8 Atoms, Index    1 to    8
number of atoms:    8
 
 ATOM:          -1
Mg1        operation #  1     1                   
Mg1        operation #  4     2 || 120            
Mg1        operation #  5     2 || 210            
Mg1        operation #  6     2 || 1-10           
Mg1        operation # 14     m (s-h) n  z        
Mg1        operation # 18     m (s-v)  n  100     
Mg1        operation # 19     m (s-v)  n  010     
Mg1        operation # 20     m (s-v)  n  110     
Mg1        operation # 21     3 || z              
Mg1        operation # 22     3 || -z             
Mg1        operation # 23     S3 (-6) || z        
Mg1        operation # 24     S3 (-6) || -z       
  pointgroup is -6m2 (neg. iatnr!!)
  axes should be: -6 || z, m n y
  z-rotation vector:  0.0000  0.0000  1.0000
  y-rotation vector:  0.0000  1.0000  0.0000    2
LOCAL ROT MATRIX:       NEW                                OLD
           1.0000000 0.0000000 0.0000000      1.0000000 0.0000000 0.0000000
           0.0000000 1.0000000 0.0000000      0.0000000 1.0000000 0.0000000
           0.0000000 0.0000000 1.0000000      0.0000000 0.0000000 1.0000000
lm: 0 0  2 0  3 3  4 0  5 3  6 0  6 6
 ==============================================
